            1            2            3            4            5            6
    1    0.2672320   -0.0925900    0.3312028   -0.0120140   -0.4429128    0.0881297
    2   -0.0925900    0.4433877   -0.0918170   -0.3951384   -0.1322127   -0.3951481
    3    0.3312028   -0.0918170    0.2672320    0.0869343   -0.4424426   -0.0120140
    4   -0.0120140   -0.3951384    0.0869343    0.2228072    0.0007526    0.4051539
    5   -0.4429128   -0.1322127   -0.4424426    0.0007526    0.5665921    0.0002146
    6    0.0881297   -0.3951481   -0.0120140    0.4051539    0.0002146    0.2228072
    7    0.0120405    0.6433319   -0.0688413   -0.6003426    0.0094966   -0.3995482
    8    0.6838657    0.2414892    0.6842422    0.0117705   -0.8438453    0.0123981
    9   -0.0672287    0.6419650    0.0085021   -0.4028041    0.0062227   -0.6026245
   10   -0.2536848    0.0171204   -0.5601269    0.0064888    0.6799129   -0.0690504
   11    0.0124343   -0.5750290    0.0147454    0.6434462    0.2429038    0.6460625
   12   -0.5606032    0.0138855   -0.2545759   -0.0705764    0.6802041    0.0093559
            7            8            9           10           11           12
    1    0.0120405    0.6838657   -0.0672287   -0.2536848    0.0124343   -0.5606032
    2    0.6433319    0.2414892    0.6419650    0.0171204   -0.5750290    0.0138855
    3   -0.0688413    0.6842422    0.0085021   -0.5601269    0.0147454   -0.2545759
    4   -0.6003426    0.0117705   -0.4028041    0.0064888    0.6434462   -0.0705764
    5    0.0094966   -0.8438453    0.0062227    0.6799129    0.2429038    0.6802041
    6   -0.3995482    0.0123981   -0.6026245   -0.0690504    0.6460625    0.0093559
    7    0.2228072    0.0033318    0.4002089   -0.0120140   -0.3905532    0.0848701
    8    0.0033318    0.5665921    0.0023667   -0.4531315   -0.1353852   -0.4513769
    9    0.4002089    0.0023667    0.2228072    0.0862880   -0.3893977   -0.0120140
   10   -0.0120140   -0.4531315    0.0862880    0.2672320   -0.0909823    0.3369915
   11   -0.3905532   -0.1353852   -0.3893977   -0.0909823    0.4433877   -0.0866348
   12    0.0848701   -0.4513769   -0.0120140    0.3369915   -0.0866348    0.2672320
